4294967279,34
4294967279,33
4294967279,32
4294967279,31
4294967279,30
4294967279,29
4294967279,28
4294967279,27
4294967278,278
4294967279,253
4294967279,49
4294967279,48
4294967279,47
4294967279,46
4294967279,45
4294967279,44
4294967279,43
4294967279,42
4294967279,41
4294967279,40
4294967279,39
4294967279,38
4294967279,37
4294967279,36
4294967279,35
4294967279,316
4294967279,315
4294967278,324
4294967279,314
4294967278,323
4294967279,78
4294967279,77
4294967279,76
4294967279,75
4294967279,74
4294967279,73
4294967279,72
4294967279,71
4294967279,70
4294967279,69
4294967279,68
4294967279,67
4294967279,66
4294967279,65
4294967279,64
4294967279,63
4294967279,62
4294967279,61
4294967279,60
4294967279,59
4294967279,58
4294967279,57
4294967279,56
4294967279,55
4294967279,54
4294967279,53
4294967279,52
4294967279,51
4294967279,50
4294967278,322
4294967279,252
4294967278,321
4294967278,17
4294967278,16
4294967278,15
4294967278,14
4294967278,13
4294967278,12
4294967278,11
4294967278,10
4294967278,9
4294967278,8
4294967278,7
4294967278,6
4294967278,5
4294967278,4
4294967279,132
4294967279,131
4294967279,130
4294967279,129
4294967279,128
4294967279,127
4294967279,122
4294967279,120
4294967279,119
4294967279,118
4294967279,117
4294967279,115
4294967279,114
4294967279,113
4294967279,112
4294967279,111
4294967279,110
4294967279,108
4294967279,220
4294967279,105
4294967279,104
4294967279,103
4294967279,102
4294967279,101
4294967279,100
4294967279,99
4294967279,98
4294967279,97
4294967279,96
4294967279,95
4294967279,94
4294967279,93
4294967279,92
4294967279,91
4294967279,90
4294967279,89
4294967279,87
4294967279,86
4294967279,85
4294967279,84
4294967279,83
4294967279,82
4294967279,81
4294967279,80
4294967279,79
4294967279,313
4294967279,126
4294967294,436
4294967279,125
4294967279,251
4294967279,116
4294967278,320
4294967279,312
4294967279,124
4294967278,319
4294967278,318
4294967279,311
4294967279,123
4294967278,253
4294967279,249
4294967278,250
4294967278,251
4294967279,248
4294967279,310
4294967279,121
4294967278,248
4294967279,247
4294967279,245
4294967278,244
4294967279,239
4294967279,243
17,5
4294967278,242
17,4
4294967279,241
17,3
17,2
17,1
4294967279,240
4294967278,240
4294967279,237
4294967278,237
4294967279,236
4294967278,236
4294967278,235
4294967279,235
4294967278,234
4294967279,233
4294967279,109
4294967278,232
4294967279,231
4294967278,230
15,4
4294967279,229
15,3
15,2
15,1
4294967279,228
4294967278,228
4294967279,227
4294967278,226
4294967279,106
4294967294,1419
4294967294,1418
4294967279,221
4294967278,224
4294967278,225
4294967279,107
4294967279,224
4294967279,222
4294967278,222
14,6
4294967278,216
4294967278,219
4294967278,217
14,5
4294967278,214
4294967279,309
4294967278,213
14,4
14,3
14,2
14,1
4294967279,308
4294967278,212
4294967294,396
4294967294,412
4294967294,948
4294967294,178
4294967294,406
4294967294,177
4294967294,420
4294967294,414
4294967294,919
4294967294,460
4294967294,401
4294967294,466
4294967294,109
4294967278,211
4294967278,210
4294967278,317
4294967279,307
4294967279,306
4294967278,209
13,5
4294967278,207
13,4
4294967278,206
13,3
13,2
13,1
4294967278,316
4294967278,205
4294967279,305
4294967278,315
4294967278,201
4294967279,304
4294967278,314
4294967278,313
12,5
4294967278,200
4294967278,199
12,4
12,3
12,2
12,1
4294967279,303
4294967278,198
4294967278,197
4294967278,196
11,4
4294967278,195
11,3
11,2
11,1
4294967278,312
4294967294,468
4294967278,194
4294967278,193
4294967278,192
4294967278,191
10,4
10,3
10,2
10,1
4294967279,302
4294967278,190
0,7
4294967278,311
4294967294,389
4294967294,903
4294967294,185
4294967294,902
4294967294,0
4294967279,301
4294967294,89
4294967279,300
4294967278,310
4294967279,299
4294967278,309
4294967279,298
4294967278,308
4294967279,297
4294967278,307
4294967279,296
4294967278,306
4294967294,392
4294967294,393
4294967294,388
4294967294,114
4294967294,2
4294967294,40
4294967294,38
4294967294,37
4294967279,295
